                     2                     1                     1
                     3                     1                     2
                     4                     1                     3
                     5                     1                     4
                     6                     1                     5
                     7                     1                     6
                     8                     1                     7
                     9                     1                     8
                    10                     1                     9
                    11                     1                    10
                    12                     1                    11
                    13                     1                    12
                    14                     1                    13
                    15                     1                    14
                    16                     1                    15
                    17                     1                    16
                    18                     1                    17
                    19                     1                    18
                    20                     1                    19
                    21                     1                    20
                    22                     1                    21
                     3                     2                    22
                     4                     2                    23
                     5                     2                    24
                     6                     2                    25
                     7                     2                    26
                     8                     2                    27
                     9                     2                    28
                    10                     2                    29
                    11                     2                    30
                    12                     2                    31
                    13                     2                    32
                    14                     2                    33
                    15                     2                    34
                    16                     2                    35
                    17                     2                    36
                    18                     2                    37
                    19                     2                    38
                    20                     2                    39
                    21                     2                    40
                    22                     2                    41
                     4                     3                    42
                     5                     3                    43
                     6                     3                    44
                     7                     3                    45
                     8                     3                    46
                     9                     3                    47
                    10                     3                    48
                    11                     3                    49
                    12                     3                    50
                    13                     3                    51
                    14                     3                    52
                    15                     3                    53
                    16                     3                    54
                    17                     3                    55
                    18                     3                    56
                    19                     3                    57
                    20                     3                    58
                    21                     3                    59
                    22                     3                    60
                     5                     4                    61
                     6                     4                    62
                     7                     4                    63
                     8                     4                    64
                     9                     4                    65
                    10                     4                    66
                    11                     4                    67
                    12                     4                    68
                    13                     4                    69
                    14                     4                    70
                    15                     4                    71
                    16                     4                    72
                    17                     4                    73
                    18                     4                    74
                    19                     4                    75
                    20                     4                    76
                    21                     4                    77
                    22                     4                    78
                     6                     5                    79
                     7                     5                    80
                     8                     5                    81
                     9                     5                    82
                    10                     5                    83
                    11                     5                    84
                    12                     5                    85
                    13                     5                    86
                    14                     5                    87
                    15                     5                    88
                    16                     5                    89
                    17                     5                    90
                    18                     5                    91
                    19                     5                    92
                    20                     5                    93
                    21                     5                    94
                    22                     5                    95
                     7                     6                    96
                     8                     6                    97
                     9                     6                    98
                    10                     6                    99
                    11                     6                   100
                    12                     6                   101
                    13                     6                   102
                    14                     6                   103
                    15                     6                   104
                    16                     6                   105
                    17                     6                   106
                    18                     6                   107
                    19                     6                   108
                    20                     6                   109
                    21                     6                   110
                    22                     6                   111
                     8                     7                   112
                     9                     7                   113
                    10                     7                   114
                    11                     7                   115
                    12                     7                   116
                    13                     7                   117
                    14                     7                   118
                    15                     7                   119
                    16                     7                   120
                    17                     7                   121
                    18                     7                   122
                    19                     7                   123
                    20                     7                   124
                    21                     7                   125
                    22                     7                   126
                     9                     8                   127
                    10                     8                   128
                    11                     8                   129
                    12                     8                   130
                    13                     8                   131
                    14                     8                   132
                    15                     8                   133
                    16                     8                   134
                    17                     8                   135
                    18                     8                   136
                    19                     8                   137
                    20                     8                   138
                    21                     8                   139
                    22                     8                   140
                    10                     9                   141
                    11                     9                   142
                    12                     9                   143
                    13                     9                   144
                    14                     9                   145
                    15                     9                   146
                    16                     9                   147
                    17                     9                   148
                    18                     9                   149
                    19                     9                   150
                    20                     9                   151
                    21                     9                   152
                    22                     9                   153
                    11                    10                   154
                    12                    10                   155
                    13                    10                   156
                    14                    10                   157
                    15                    10                   158
                    16                    10                   159
                    17                    10                   160
                    18                    10                   161
                    19                    10                   162
                    20                    10                   163
                    21                    10                   164
                    22                    10                   165
                    12                    11                   166
                    13                    11                   167
                    14                    11                   168
                    15                    11                   169
                    16                    11                   170
                    17                    11                   171
                    18                    11                   172
                    19                    11                   173
                    20                    11                   174
                    21                    11                   175
                    22                    11                   176
                    13                    12                   177
                    14                    12                   178
                    15                    12                   179
                    16                    12                   180
                    17                    12                   181
                    18                    12                   182
                    19                    12                   183
                    20                    12                   184
                    21                    12                   185
                    22                    12                   186
                    14                    13                   187
                    15                    13                   188
                    16                    13                   189
                    17                    13                   190
                    18                    13                   191
                    19                    13                   192
                    20                    13                   193
                    21                    13                   194
                    22                    13                   195
                    15                    14                   196
                    16                    14                   197
                    17                    14                   198
                    18                    14                   199
                    19                    14                   200
                    20                    14                   201
                    21                    14                   202
                    22                    14                   203
                    16                    15                   204
                    17                    15                   205
                    18                    15                   206
                    19                    15                   207
                    20                    15                   208
                    21                    15                   209
                    22                    15                   210
                    17                    16                   211
                    18                    16                   212
                    19                    16                   213
                    20                    16                   214
                    21                    16                   215
                    22                    16                   216
                    18                    17                   217
                    19                    17                   218
                    20                    17                   219
                    21                    17                   220
                    22                    17                   221
                    19                    18                   222
                    20                    18                   223
                    21                    18                   224
                    22                    18                   225
                    20                    19                   226
                    21                    19                   227
                    22                    19                   228
                    21                    20                   229
                    22                    20                   230
                    22                    21                   231
