                     1                     1                     1
                     2                     1                     2
                     2                     2                     3
                     3                     1                     4
                     3                     2                     5
                     3                     3                     6
                     4                     1                     7
                     4                     2                     8
                     4                     3                     9
                     4                     4                    10
                     5                     1                    11
                     5                     2                    12
                     5                     3                    13
                     5                     4                    14
                     5                     5                    15
                     6                     1                    16
                     6                     2                    17
                     6                     3                    18
                     6                     4                    19
                     6                     5                    20
                     6                     6                    21
                     7                     1                    22
                     7                     2                    23
                     7                     3                    24
                     7                     4                    25
                     7                     5                    26
                     7                     6                    27
                     7                     7                    28
                     8                     1                    29
                     8                     2                    30
                     8                     3                    31
                     8                     4                    32
                     8                     5                    33
                     8                     6                    34
                     8                     7                    35
                     8                     8                    36
                     9                     1                    37
                     9                     2                    38
                     9                     3                    39
                     9                     4                    40
                     9                     5                    41
                     9                     6                    42
                     9                     7                    43
                     9                     8                    44
                     9                     9                    45
                    10                     1                    46
                    10                     2                    47
                    10                     3                    48
                    10                     4                    49
                    10                     5                    50
                    10                     6                    51
                    10                     7                    52
                    10                     8                    53
                    10                     9                    54
                    10                    10                    55
                    11                     1                    56
                    11                     2                    57
                    11                     3                    58
                    11                     4                    59
                    11                     5                    60
                    11                     6                    61
                    11                     7                    62
                    11                     8                    63
                    11                     9                    64
                    11                    10                    65
                    11                    11                    66
                    12                     1                    67
                    12                     2                    68
                    12                     3                    69
                    12                     4                    70
                    12                     5                    71
                    12                     6                    72
                    12                     7                    73
                    12                     8                    74
                    12                     9                    75
                    12                    10                    76
                    12                    11                    77
                    12                    12                    78
                    13                     1                    79
                    13                     2                    80
                    13                     3                    81
                    13                     4                    82
                    13                     5                    83
                    13                     6                    84
                    13                     7                    85
                    13                     8                    86
                    13                     9                    87
                    13                    10                    88
                    13                    11                    89
                    13                    12                    90
                    13                    13                    91
                    14                     1                    92
                    14                     2                    93
                    14                     3                    94
                    14                     4                    95
                    14                     5                    96
                    14                     6                    97
                    14                     7                    98
                    14                     8                    99
                    14                     9                   100
                    14                    10                   101
                    14                    11                   102
                    14                    12                   103
                    14                    13                   104
                    14                    14                   105
                    15                     1                   106
                    15                     2                   107
                    15                     3                   108
                    15                     4                   109
                    15                     5                   110
                    15                     6                   111
                    15                     7                   112
                    15                     8                   113
                    15                     9                   114
                    15                    10                   115
                    15                    11                   116
                    15                    12                   117
                    15                    13                   118
                    15                    14                   119
                    15                    15                   120
                    16                     1                   121
                    16                     2                   122
                    16                     3                   123
                    16                     4                   124
                    16                     5                   125
                    16                     6                   126
                    16                     7                   127
                    16                     8                   128
                    16                     9                   129
                    16                    10                   130
                    16                    11                   131
                    16                    12                   132
                    16                    13                   133
                    16                    14                   134
                    16                    15                   135
                    16                    16                   136
                    17                     1                   137
                    17                     2                   138
                    17                     3                   139
                    17                     4                   140
                    17                     5                   141
                    17                     6                   142
                    17                     7                   143
                    17                     8                   144
                    17                     9                   145
                    17                    10                   146
                    17                    11                   147
                    17                    12                   148
                    17                    13                   149
                    17                    14                   150
                    17                    15                   151
                    17                    16                   152
                    17                    17                   153
                    18                     1                   154
                    18                     2                   155
                    18                     3                   156
                    18                     4                   157
                    18                     5                   158
                    18                     6                   159
                    18                     7                   160
                    18                     8                   161
                    18                     9                   162
                    18                    10                   163
                    18                    11                   164
                    18                    12                   165
                    18                    13                   166
                    18                    14                   167
                    18                    15                   168
                    18                    16                   169
                    18                    17                   170
                    18                    18                   171
                    19                     1                   172
                    19                     2                   173
                    19                     3                   174
                    19                     4                   175
                    19                     5                   176
                    19                     6                   177
                    19                     7                   178
                    19                     8                   179
                    19                     9                   180
                    19                    10                   181
                    19                    11                   182
                    19                    12                   183
                    19                    13                   184
                    19                    14                   185
                    19                    15                   186
                    19                    16                   187
                    19                    17                   188
                    19                    18                   189
                    19                    19                   190
                    20                     1                   191
                    20                     2                   192
                    20                     3                   193
                    20                     4                   194
                    20                     5                   195
                    20                     6                   196
                    20                     7                   197
                    20                     8                   198
                    20                     9                   199
                    20                    10                   200
                    20                    11                   201
                    20                    12                   202
                    20                    13                   203
                    20                    14                   204
                    20                    15                   205
                    20                    16                   206
                    20                    17                   207
                    20                    18                   208
                    20                    19                   209
                    20                    20                   210
                    21                     1                   211
                    21                     2                   212
                    21                     3                   213
                    21                     4                   214
                    21                     5                   215
                    21                     6                   216
                    21                     7                   217
                    21                     8                   218
                    21                     9                   219
                    21                    10                   220
                    21                    11                   221
                    21                    12                   222
                    21                    13                   223
                    21                    14                   224
                    21                    15                   225
                    21                    16                   226
                    21                    17                   227
                    21                    18                   228
                    21                    19                   229
                    21                    20                   230
                    21                    21                   231
