                     2                     1                     1
                     3                     1                     2
                     4                     1                     3
                     5                     1                     4
                     6                     1                     5
                     7                     1                     6
                     8                     1                     7
                     9                     1                     8
                    10                     1                     9
                    11                     1                    10
                    12                     1                    11
                    13                     1                    12
                    14                     1                    13
                    15                     1                    14
                    16                     1                    15
                    17                     1                    16
                    18                     1                    17
                    19                     1                    18
                    20                     1                    19
                    21                     1                    20
                     3                     2                    21
                     4                     2                    22
                     5                     2                    23
                     6                     2                    24
                     7                     2                    25
                     8                     2                    26
                     9                     2                    27
                    10                     2                    28
                    11                     2                    29
                    12                     2                    30
                    13                     2                    31
                    14                     2                    32
                    15                     2                    33
                    16                     2                    34
                    17                     2                    35
                    18                     2                    36
                    19                     2                    37
                    20                     2                    38
                    21                     2                    39
                     4                     3                    40
                     5                     3                    41
                     6                     3                    42
                     7                     3                    43
                     8                     3                    44
                     9                     3                    45
                    10                     3                    46
                    11                     3                    47
                    12                     3                    48
                    13                     3                    49
                    14                     3                    50
                    15                     3                    51
                    16                     3                    52
                    17                     3                    53
                    18                     3                    54
                    19                     3                    55
                    20                     3                    56
                    21                     3                    57
                     5                     4                    58
                     6                     4                    59
                     7                     4                    60
                     8                     4                    61
                     9                     4                    62
                    10                     4                    63
                    11                     4                    64
                    12                     4                    65
                    13                     4                    66
                    14                     4                    67
                    15                     4                    68
                    16                     4                    69
                    17                     4                    70
                    18                     4                    71
                    19                     4                    72
                    20                     4                    73
                    21                     4                    74
                     6                     5                    75
                     7                     5                    76
                     8                     5                    77
                     9                     5                    78
                    10                     5                    79
                    11                     5                    80
                    12                     5                    81
                    13                     5                    82
                    14                     5                    83
                    15                     5                    84
                    16                     5                    85
                    17                     5                    86
                    18                     5                    87
                    19                     5                    88
                    20                     5                    89
                    21                     5                    90
                     7                     6                    91
                     8                     6                    92
                     9                     6                    93
                    10                     6                    94
                    11                     6                    95
                    12                     6                    96
                    13                     6                    97
                    14                     6                    98
                    15                     6                    99
                    16                     6                   100
                    17                     6                   101
                    18                     6                   102
                    19                     6                   103
                    20                     6                   104
                    21                     6                   105
                     8                     7                   106
                     9                     7                   107
                    10                     7                   108
                    11                     7                   109
                    12                     7                   110
                    13                     7                   111
                    14                     7                   112
                    15                     7                   113
                    16                     7                   114
                    17                     7                   115
                    18                     7                   116
                    19                     7                   117
                    20                     7                   118
                    21                     7                   119
                     9                     8                   120
                    10                     8                   121
                    11                     8                   122
                    12                     8                   123
                    13                     8                   124
                    14                     8                   125
                    15                     8                   126
                    16                     8                   127
                    17                     8                   128
                    18                     8                   129
                    19                     8                   130
                    20                     8                   131
                    21                     8                   132
                    10                     9                   133
                    11                     9                   134
                    12                     9                   135
                    13                     9                   136
                    14                     9                   137
                    15                     9                   138
                    16                     9                   139
                    17                     9                   140
                    18                     9                   141
                    19                     9                   142
                    20                     9                   143
                    21                     9                   144
                    11                    10                   145
                    12                    10                   146
                    13                    10                   147
                    14                    10                   148
                    15                    10                   149
                    16                    10                   150
                    17                    10                   151
                    18                    10                   152
                    19                    10                   153
                    20                    10                   154
                    21                    10                   155
                    12                    11                   156
                    13                    11                   157
                    14                    11                   158
                    15                    11                   159
                    16                    11                   160
                    17                    11                   161
                    18                    11                   162
                    19                    11                   163
                    20                    11                   164
                    21                    11                   165
                    13                    12                   166
                    14                    12                   167
                    15                    12                   168
                    16                    12                   169
                    17                    12                   170
                    18                    12                   171
                    19                    12                   172
                    20                    12                   173
                    21                    12                   174
                    14                    13                   175
                    15                    13                   176
                    16                    13                   177
                    17                    13                   178
                    18                    13                   179
                    19                    13                   180
                    20                    13                   181
                    21                    13                   182
                    15                    14                   183
                    16                    14                   184
                    17                    14                   185
                    18                    14                   186
                    19                    14                   187
                    20                    14                   188
                    21                    14                   189
                    16                    15                   190
                    17                    15                   191
                    18                    15                   192
                    19                    15                   193
                    20                    15                   194
                    21                    15                   195
                    17                    16                   196
                    18                    16                   197
                    19                    16                   198
                    20                    16                   199
                    21                    16                   200
                    18                    17                   201
                    19                    17                   202
                    20                    17                   203
                    21                    17                   204
                    19                    18                   205
                    20                    18                   206
                    21                    18                   207
                    20                    19                   208
                    21                    19                   209
                    21                    20                   210
