[Molden Format]
[ATOMS] AU
 Li    1    3        0.0000000000        0.0000000000        0.0000000000
[GTO]
   1   0
 s   10 1.00
  0.1469000000D+04  0.7660000000D-03
  0.2205000000D+03  0.5892000000D-02
  0.5026000000D+02  0.2967100000D-01
  0.1424000000D+02  0.1091800000D+00
  0.4581000000D+01  0.2827890000D+00
  0.1580000000D+01  0.4531230000D+00
  0.5640000000D+00  0.2747740000D+00
  0.7345000000D-01  0.9751000000D-02
  0.2805000000D-01 -0.3180000000D-02
  0.8640000000D-02  0.0000000000D+00
 s   10 1.00
  0.1469000000D+04 -0.1200000000D-03
  0.2205000000D+03 -0.9230000000D-03
  0.5026000000D+02 -0.4689000000D-02
  0.1424000000D+02 -0.1768200000D-01
  0.4581000000D+01 -0.4890200000D-01
  0.1580000000D+01 -0.9600900000D-01
  0.5640000000D+00 -0.1363800000D+00
  0.7345000000D-01  0.5751020000D+00
  0.2805000000D-01  0.5176610000D+00
  0.8640000000D-02  0.0000000000D+00
 s   10 1.00
  0.1469000000D+04  0.0000000000D+00
  0.2205000000D+03  0.0000000000D+00
  0.5026000000D+02  0.0000000000D+00
  0.1424000000D+02  0.0000000000D+00
  0.4581000000D+01  0.0000000000D+00
  0.1580000000D+01  0.0000000000D+00
  0.5640000000D+00  0.0000000000D+00
  0.7345000000D-01  0.0000000000D+00
  0.2805000000D-01  0.1000000000D+01
  0.8640000000D-02  0.0000000000D+00
 s   10 1.00
  0.1469000000D+04  0.0000000000D+00
  0.2205000000D+03  0.0000000000D+00
  0.5026000000D+02  0.0000000000D+00
  0.1424000000D+02  0.0000000000D+00
  0.4581000000D+01  0.0000000000D+00
  0.1580000000D+01  0.0000000000D+00
  0.5640000000D+00  0.0000000000D+00
  0.7345000000D-01  0.0000000000D+00
  0.2805000000D-01  0.0000000000D+00
  0.8640000000D-02  0.1000000000D+01
 p    5 1.00
  0.1534000000D+01  0.2278400000D-01
  0.2749000000D+00  0.1391070000D+00
  0.7362000000D-01  0.5003750000D+00
  0.2403000000D-01  0.5084740000D+00
  0.5790000000D-02  0.0000000000D+00
 p    5 1.00
  0.1534000000D+01  0.0000000000D+00
  0.2749000000D+00  0.0000000000D+00
  0.7362000000D-01  0.0000000000D+00
  0.2403000000D-01  0.1000000000D+01
  0.5790000000D-02  0.0000000000D+00
 p    5 1.00
  0.1534000000D+01  0.0000000000D+00
  0.2749000000D+00  0.0000000000D+00
  0.7362000000D-01  0.0000000000D+00
  0.2403000000D-01  0.0000000000D+00
  0.5790000000D-02  0.1000000000D+01
 d    2 1.00
  0.1239000000D+00  0.1000000000D+01
  0.7250000000D-01  0.0000000000D+00
 d    2 1.00
  0.1239000000D+00  0.0000000000D+00
  0.7250000000D-01  0.1000000000D+01
 
[5D]
[7F]
[9G]
[MO]
 Ene=       -2.4849
 Spin= Alpha
 Occup=        1.0000
   1     -1.0001447530
   2      0.0007823828
   3      0.0015143802
   4     -0.0014421775
   5      0.0000000000
   6      0.0000000000
   7      0.0000000000
   8      0.0000000000
   9      0.0000000000
  10      0.0000000000
  11      0.0000000000
  12      0.0000000000
  13      0.0000000000
  14     -0.0000000000
  15      0.0000000000
  16      0.0000000000
  17      0.0000000000
  18      0.0000000000
  19      0.0000000000
  20      0.0000000000
  21      0.0000000000
  22     -0.0000000000
  23      0.0000000000
 Ene=       -0.1963
 Spin= Alpha
 Occup=        1.0000
   1      0.0024376313
   2      1.0049672473
   3     -0.0103521130
   4      0.0073840263
   5      0.0000000000
   6      0.0000000000
   7      0.0000000000
   8      0.0000000000
   9      0.0000000000
  10      0.0000000000
  11      0.0000000000
  12      0.0000000000
  13      0.0000000000
  14      0.0000000000
  15      0.0000000000
  16      0.0000000000
  17     -0.0000000000
  18      0.0000000000
  19     -0.0000000000
  20      0.0000000000
  21      0.0000000000
  22      0.0000000000
  23      0.0000000000
 Ene=        0.0099
 Spin= Alpha
 Occup=        0.0000
   1      0.0000000000
   2      0.0000000000
   3      0.0000000000
   4      0.0000000000
   5      0.2468523989
   6      0.0000000000
   7      0.0000000000
   8     -0.0164704073
   9      0.0000000000
  10      0.0000000000
  11      0.8901414706
  12      0.0000000000
  13      0.0000000000
  14      0.0000000000
  15      0.0000000000
  16      0.0000000000
  17      0.0000000000
  18      0.0000000000
  19      0.0000000000
  20      0.0000000000
  21      0.0000000000
  22      0.0000000000
  23      0.0000000000
 Ene=        0.0099
 Spin= Alpha
 Occup=        0.0000
   1      0.0000000000
   2      0.0000000000
   3      0.0000000000
   4      0.0000000000
   5      0.0000000000
   6      0.2468523990
   7      0.0000000000
   8      0.0000000000
   9     -0.0164704076
  10      0.0000000000
  11      0.0000000000
  12      0.8901414708
  13      0.0000000000
  14      0.0000000000
  15      0.0000000000
  16      0.0000000000
  17      0.0000000000
  18      0.0000000000
  19      0.0000000000
  20      0.0000000000
  21      0.0000000000
  22      0.0000000000
  23      0.0000000000
 Ene=        0.0099
 Spin= Alpha
 Occup=        0.0000
   1      0.0000000000
   2      0.0000000000
   3      0.0000000000
   4      0.0000000000
   5      0.0000000000
   6      0.0000000000
   7      0.2468523992
   8      0.0000000000
   9      0.0000000000
  10     -0.0164704077
  11      0.0000000000
  12      0.0000000000
  13      0.8901414708
  14      0.0000000000
  15      0.0000000000
  16      0.0000000000
  17      0.0000000000
  18      0.0000000000
  19      0.0000000000
  20      0.0000000000
  21      0.0000000000
  22      0.0000000000
  23      0.0000000000
 Ene=        0.0229
 Spin= Alpha
 Occup=        0.0000
   1     -0.0777842072
   2     -0.0512984126
   3      1.1697088720
   4     -1.6051351276
   5      0.0000000000
   6      0.0000000000
   7      0.0000000000
   8      0.0000000000
   9      0.0000000000
  10      0.0000000000
  11      0.0000000000
  12      0.0000000000
  13      0.0000000000
  14      0.0000000000
  15      0.0000000000
  16      0.0000000000
  17     -0.0000000000
  18      0.0000000000
  19     -0.0000000000
  20      0.0000000000
  21      0.0000000000
  22      0.0000000000
  23      0.0000000000
 Ene=        0.0359
 Spin= Alpha
 Occup=        0.0000
   1      0.0000000000
   2      0.0000000000
   3      0.0000000000
   4      0.0000000000
   5      0.3884380496
   6      0.0000000000
   7      0.0000000000
   8      0.7834423771
   9      0.0000000000
  10      0.0000000000
  11     -0.7888242495
  12      0.0000000000
  13      0.0000000000
  14      0.0000000000
  15      0.0000000000
  16      0.0000000000
  17      0.0000000000
  18      0.0000000000
  19      0.0000000000
  20      0.0000000000
  21      0.0000000000
  22      0.0000000000
  23      0.0000000000
 Ene=        0.0359
 Spin= Alpha
 Occup=        0.0000
   1      0.0000000000
   2      0.0000000000
   3      0.0000000000
   4      0.0000000000
   5      0.0000000000
   6      0.3884380498
   7      0.0000000000
   8      0.0000000000
   9      0.7834423770
  10      0.0000000000
  11      0.0000000000
  12     -0.7888242493
  13      0.0000000000
  14      0.0000000000
  15      0.0000000000
  16      0.0000000000
  17      0.0000000000
  18      0.0000000000
  19      0.0000000000
  20      0.0000000000
  21      0.0000000000
  22      0.0000000000
  23      0.0000000000
 Ene=        0.0359
 Spin= Alpha
 Occup=        0.0000
   1      0.0000000000
   2      0.0000000000
   3      0.0000000000
   4      0.0000000000
   5      0.0000000000
   6      0.0000000000
   7      0.3884380497
   8      0.0000000000
   9      0.0000000000
  10      0.7834423771
  11      0.0000000000
  12      0.0000000000
  13     -0.7888242493
  14      0.0000000000
  15      0.0000000000
  16      0.0000000000
  17      0.0000000000
  18      0.0000000000
  19      0.0000000000
  20      0.0000000000
  21      0.0000000000
  22      0.0000000000
  23      0.0000000000
 Ene=        0.1714
 Spin= Alpha
 Occup=        0.0000
   1      0.0000000000
   2      0.0000000000
   3      0.0000000000
   4      0.0000000000
   5      0.0000000000
   6      0.0000000000
   7     -2.1758368941
   8      0.0000000000
   9      0.0000000000
  10      2.3411681533
  11      0.0000000000
  12      0.0000000000
  13     -0.3871740522
  14      0.0000000000
  15      0.0000000000
  16      0.0000000000
  17      0.0000000000
  18      0.0000000000
  19      0.0000000000
  20      0.0000000000
  21      0.0000000000
  22      0.0000000000
  23      0.0000000000
 Ene=        0.1714
 Spin= Alpha
 Occup=        0.0000
   1      0.0000000000
   2      0.0000000000
   3      0.0000000000
   4      0.0000000000
   5      0.0000000000
   6     -2.1758368941
   7      0.0000000000
   8      0.0000000000
   9      2.3411681533
  10      0.0000000000
  11      0.0000000000
  12     -0.3871740524
  13      0.0000000000
  14      0.0000000000
  15      0.0000000000
  16      0.0000000000
  17      0.0000000000
  18      0.0000000000
  19      0.0000000000
  20      0.0000000000
  21      0.0000000000
  22      0.0000000000
  23      0.0000000000
 Ene=        0.1714
 Spin= Alpha
 Occup=        0.0000
   1      0.0000000000
   2      0.0000000000
   3      0.0000000000
   4      0.0000000000
   5     -2.1758368942
   6      0.0000000000
   7      0.0000000000
   8      2.3411681533
   9      0.0000000000
  10      0.0000000000
  11     -0.3871740523
  12      0.0000000000
  13      0.0000000000
  14      0.0000000000
  15      0.0000000000
  16      0.0000000000
  17      0.0000000000
  18      0.0000000000
  19      0.0000000000
  20      0.0000000000
  21      0.0000000000
  22      0.0000000000
  23      0.0000000000
 Ene=        0.1883
 Spin= Alpha
 Occup=        0.0000
   1      0.0000000000
   2      0.0000000000
   3      0.0000000000
   4      0.0000000000
   5      0.0000000000
   6      0.0000000000
   7      0.0000000000
   8      0.0000000000
   9      0.0000000000
  10      0.0000000000
  11      0.0000000000
  12      0.0000000000
  13      0.0000000000
  14      0.0000000000
  15      0.0000000000
  16      0.5230275110
  17      0.0000000000
  18      0.0000000000
  19      0.0000000000
  20      0.0000000000
  21     -1.4314123442
  22      0.0000000000
  23      0.0000000000
 Ene=        0.1883
 Spin= Alpha
 Occup=        0.0000
   1      0.0000000000
   2      0.0000000000
   3      0.0000000000
   4      0.0000000000
   5      0.0000000000
   6      0.0000000000
   7      0.0000000000
   8      0.0000000000
   9      0.0000000000
  10      0.0000000000
  11      0.0000000000
  12      0.0000000000
  13      0.0000000000
  14      0.0000000000
  15      0.5230275107
  16      0.0000000000
  17      0.0000000000
  18      0.0000000000
  19      0.0000000000
  20     -1.4314123439
  21      0.0000000000
  22      0.0000000000
  23      0.0000000000
 Ene=        0.1883
 Spin= Alpha
 Occup=        0.0000
   1      0.0000000000
   2      0.0000000000
   3     -0.0000000000
   4      0.0000000000
   5      0.0000000000
   6      0.0000000000
   7      0.0000000000
   8      0.0000000000
   9      0.0000000000
  10      0.0000000000
  11      0.0000000000
  12      0.0000000000
  13      0.0000000000
  14      0.5230275105
  15      0.0000000000
  16      0.0000000000
  17      0.0000039395
  18      0.0000000000
  19     -1.4314123438
  20      0.0000000000
  21      0.0000000000
  22     -0.0000107815
  23      0.0000000000
 Ene=        0.1883
 Spin= Alpha
 Occup=        0.0000
   1     -0.0000000000
   2     -0.0000000000
   3      0.0000000000
   4     -0.0000000000
   5      0.0000000000
   6      0.0000000000
   7      0.0000000000
   8      0.0000000000
   9      0.0000000000
  10      0.0000000000
  11      0.0000000000
  12      0.0000000000
  13      0.0000000000
  14     -0.0000039395
  15      0.0000000000
  16      0.0000000000
  17      0.5230275103
  18      0.0000000000
  19      0.0000107815
  20      0.0000000000
  21      0.0000000000
  22     -1.4314123436
  23      0.0000000000
 Ene=        0.1883
 Spin= Alpha
 Occup=        0.0000
   1      0.0000000000
   2      0.0000000000
   3      0.0000000000
   4      0.0000000000
   5      0.0000000000
   6      0.0000000000
   7      0.0000000000
   8      0.0000000000
   9      0.0000000000
  10      0.0000000000
  11      0.0000000000
  12      0.0000000000
  13      0.0000000000
  14      0.0000000000
  15      0.0000000000
  16      0.0000000000
  17      0.0000000000
  18      0.5230275103
  19      0.0000000000
  20      0.0000000000
  21      0.0000000000
  22      0.0000000000
  23     -1.4314123436
 Ene=        0.1990
 Spin= Alpha
 Occup=        0.0000
   1     -0.7900147378
   2     -4.3441419069
   3      5.3315024477
   4     -1.0935449928
   5      0.0000000000
   6      0.0000000000
   7      0.0000000000
   8      0.0000000000
   9      0.0000000000
  10      0.0000000000
  11      0.0000000000
  12      0.0000000000
  13      0.0000000000
  14      0.0000000000
  15      0.0000000000
  16      0.0000000000
  17     -0.0000000000
  18      0.0000000000
  19     -0.0000000000
  20      0.0000000000
  21      0.0000000000
  22      0.0000000000
  23      0.0000000000
 Ene=        0.5450
 Spin= Alpha
 Occup=        0.0000
   1      0.0000000000
   2      0.0000000000
   3      0.0000000000
   4      0.0000000000
   5      0.0000000000
   6      0.0000000000
   7      0.0000000000
   8      0.0000000000
   9      0.0000000000
  10      0.0000000000
  11      0.0000000000
  12      0.0000000000
  13      0.0000000000
  14      0.0000000000
  15      0.0000000000
  16     -2.0673738197
  17      0.0000000000
  18      0.0000000000
  19      0.0000000000
  20      0.0000000000
  21      1.5807121777
  22      0.0000000000
  23      0.0000000000
 Ene=        0.5450
 Spin= Alpha
 Occup=        0.0000
   1     -0.0000000000
   2      0.0000000000
   3      0.0000000000
   4     -0.0000000000
   5      0.0000000000
   6      0.0000000000
   7      0.0000000000
   8      0.0000000000
   9      0.0000000000
  10      0.0000000000
  11      0.0000000000
  12      0.0000000000
  13      0.0000000000
  14     -0.0001108180
  15      0.0000000000
  16      0.0000000000
  17     -2.0673738170
  18      0.0000000000
  19      0.0000847313
  20      0.0000000000
  21      0.0000000000
  22      1.5807121759
  23      0.0000000000
 Ene=        0.5450
 Spin= Alpha
 Occup=        0.0000
   1      0.0000000000
   2      0.0000000000
   3      0.0000000000
   4      0.0000000000
   5      0.0000000000
   6      0.0000000000
   7      0.0000000000
   8      0.0000000000
   9      0.0000000000
  10      0.0000000000
  11      0.0000000000
  12      0.0000000000
  13      0.0000000000
  14      0.0000000000
  15      0.0000000000
  16      0.0000000000
  17      0.0000000000
  18     -2.0673738199
  19      0.0000000000
  20      0.0000000000
  21      0.0000000000
  22      0.0000000000
  23      1.5807121782
 Ene=        0.5450
 Spin= Alpha
 Occup=        0.0000
   1      0.0000000000
   2      0.0000000000
   3      0.0000000000
   4      0.0000000000
   5      0.0000000000
   6      0.0000000000
   7      0.0000000000
   8      0.0000000000
   9      0.0000000000
  10      0.0000000000
  11      0.0000000000
  12      0.0000000000
  13      0.0000000000
  14      0.0000000000
  15     -2.0673738198
  16      0.0000000000
  17      0.0000000000
  18      0.0000000000
  19      0.0000000000
  20      1.5807121780
  21      0.0000000000
  22      0.0000000000
  23      0.0000000000
 Ene=        0.5450
 Spin= Alpha
 Occup=        0.0000
   1     -0.0000000000
   2     -0.0000000000
   3      0.0000000000
   4     -0.0000000000
   5      0.0000000000
   6      0.0000000000
   7      0.0000000000
   8      0.0000000000
   9      0.0000000000
  10      0.0000000000
  11      0.0000000000
  12      0.0000000000
  13      0.0000000000
  14     -2.0673738169
  15      0.0000000000
  16      0.0000000000
  17      0.0001108180
  18      0.0000000000
  19      1.5807121758
  20      0.0000000000
  21      0.0000000000
  22     -0.0000847313
  23      0.0000000000
 Ene=       -2.4705
 Spin= Beta
 Occup=        1.0000
   1     -1.0006079528
   2     -0.0031923628
   3      0.0043877634
   4     -0.0015044481
   5      0.0000000000
   6      0.0000000000
   7      0.0000000000
   8      0.0000000000
   9      0.0000000000
  10      0.0000000000
  11      0.0000000000
  12      0.0000000000
  13      0.0000000000
  14     -0.0000000000
  15      0.0000000000
  16      0.0000000000
  17      0.0000000000
  18      0.0000000000
  19      0.0000000000
  20      0.0000000000
  21      0.0000000000
  22     -0.0000000000
  23      0.0000000000
 Ene=        0.0063
 Spin= Beta
 Occup=        0.0000
   1     -0.0201696168
   2      0.2980056883
   3     -0.3294716081
   4      1.0581757794
   5      0.0000000000
   6      0.0000000000
   7      0.0000000000
   8      0.0000000000
   9      0.0000000000
  10      0.0000000000
  11      0.0000000000
  12      0.0000000000
  13      0.0000000000
  14     -0.0000000000
  15      0.0000000000
  16      0.0000000000
  17      0.0000000000
  18      0.0000000000
  19      0.0000000000
  20      0.0000000000
  21      0.0000000000
  22     -0.0000000000
  23      0.0000000000
 Ene=        0.0134
 Spin= Beta
 Occup=        0.0000
   1      0.0000000000
   2      0.0000000000
   3      0.0000000000
   4      0.0000000000
   5      0.0824489586
   6      0.0000000000
   7      0.0000000000
   8     -0.1691991854
   9      0.0000000000
  10      0.0000000000
  11      1.0588585634
  12      0.0000000000
  13      0.0000000000
  14      0.0000000000
  15      0.0000000000
  16      0.0000000000
  17      0.0000000000
  18      0.0000000000
  19      0.0000000000
  20      0.0000000000
  21      0.0000000000
  22      0.0000000000
  23      0.0000000000
 Ene=        0.0134
 Spin= Beta
 Occup=        0.0000
   1      0.0000000000
   2      0.0000000000
   3      0.0000000000
   4      0.0000000000
   5      0.0000000000
   6      0.0824489581
   7      0.0000000000
   8      0.0000000000
   9     -0.1691991847
  10      0.0000000000
  11      0.0000000000
  12      1.0588585632
  13      0.0000000000
  14      0.0000000000
  15      0.0000000000
  16      0.0000000000
  17      0.0000000000
  18      0.0000000000
  19      0.0000000000
  20      0.0000000000
  21      0.0000000000
  22      0.0000000000
  23      0.0000000000
 Ene=        0.0134
 Spin= Beta
 Occup=        0.0000
   1      0.0000000000
   2      0.0000000000
   3      0.0000000000
   4      0.0000000000
   5      0.0000000000
   6      0.0000000000
   7      0.0824489586
   8      0.0000000000
   9      0.0000000000
  10     -0.1691991851
  11      0.0000000000
  12      0.0000000000
  13      1.0588585633
  14      0.0000000000
  15      0.0000000000
  16      0.0000000000
  17      0.0000000000
  18      0.0000000000
  19      0.0000000000
  20      0.0000000000
  21      0.0000000000
  22      0.0000000000
  23      0.0000000000
 Ene=        0.0492
 Spin= Beta
 Occup=        0.0000
   1     -0.2142481149
   2     -0.2224749625
   3      1.8862108220
   4     -1.3213814897
   5      0.0000000000
   6      0.0000000000
   7      0.0000000000
   8      0.0000000000
   9      0.0000000000
  10      0.0000000000
  11      0.0000000000
  12      0.0000000000
  13      0.0000000000
  14     -0.0000000000
  15      0.0000000000
  16      0.0000000000
  17      0.0000000000
  18      0.0000000000
  19      0.0000000000
  20      0.0000000000
  21      0.0000000000
  22     -0.0000000000
  23      0.0000000000
 Ene=        0.0622
 Spin= Beta
 Occup=        0.0000
   1      0.0000000000
   2      0.0000000000
   3      0.0000000000
   4      0.0000000000
   5      0.0697207045
   6      0.0000000000
   7      0.0000000000
   8      1.1323723328
   9      0.0000000000
  10      0.0000000000
  11     -0.5842875100
  12      0.0000000000
  13      0.0000000000
  14      0.0000000000
  15      0.0000000000
  16      0.0000000000
  17      0.0000000000
  18      0.0000000000
  19      0.0000000000
  20      0.0000000000
  21      0.0000000000
  22      0.0000000000
  23      0.0000000000
 Ene=        0.0622
 Spin= Beta
 Occup=        0.0000
   1      0.0000000000
   2      0.0000000000
   3      0.0000000000
   4      0.0000000000
   5      0.0000000000
   6      0.0697207064
   7      0.0000000000
   8      0.0000000000
   9      1.1323723311
  10      0.0000000000
  11      0.0000000000
  12     -0.5842875100
  13      0.0000000000
  14      0.0000000000
  15      0.0000000000
  16      0.0000000000
  17      0.0000000000
  18      0.0000000000
  19      0.0000000000
  20      0.0000000000
  21      0.0000000000
  22      0.0000000000
  23      0.0000000000
 Ene=        0.0622
 Spin= Beta
 Occup=        0.0000
   1      0.0000000000
   2      0.0000000000
   3      0.0000000000
   4      0.0000000000
   5      0.0000000000
   6      0.0000000000
   7      0.0697207049
   8      0.0000000000
   9      0.0000000000
  10      1.1323723325
  11      0.0000000000
  12      0.0000000000
  13     -0.5842875101
  14      0.0000000000
  15      0.0000000000
  16      0.0000000000
  17      0.0000000000
  18      0.0000000000
  19      0.0000000000
  20      0.0000000000
  21      0.0000000000
  22      0.0000000000
  23      0.0000000000
 Ene=        0.2021
 Spin= Beta
 Occup=        0.0000
   1      0.0000000000
   2      0.0000000000
   3      0.0000000000
   4      0.0000000000
   5      0.0000000000
   6      0.0000000000
   7     -2.2213571545
   8      0.0000000000
   9      0.0000000000
  10      2.1872873819
  11      0.0000000000
  12      0.0000000000
  13     -0.3192584056
  14      0.0000000000
  15      0.0000000000
  16      0.0000000000
  17      0.0000000000
  18      0.0000000000
  19      0.0000000000
  20      0.0000000000
  21      0.0000000000
  22      0.0000000000
  23      0.0000000000
 Ene=        0.2021
 Spin= Beta
 Occup=        0.0000
   1      0.0000000000
   2      0.0000000000
   3      0.0000000000
   4      0.0000000000
   5      0.0000000000
   6     -2.2213571545
   7      0.0000000000
   8      0.0000000000
   9      2.1872873826
  10      0.0000000000
  11      0.0000000000
  12     -0.3192584061
  13      0.0000000000
  14      0.0000000000
  15      0.0000000000
  16      0.0000000000
  17      0.0000000000
  18      0.0000000000
  19      0.0000000000
  20      0.0000000000
  21      0.0000000000
  22      0.0000000000
  23      0.0000000000
 Ene=        0.2021
 Spin= Beta
 Occup=        0.0000
   1      0.0000000000
   2      0.0000000000
   3      0.0000000000
   4      0.0000000000
   5     -2.2213571545
   6      0.0000000000
   7      0.0000000000
   8      2.1872873817
   9      0.0000000000
  10      0.0000000000
  11     -0.3192584054
  12      0.0000000000
  13      0.0000000000
  14      0.0000000000
  15      0.0000000000
  16      0.0000000000
  17      0.0000000000
  18      0.0000000000
  19      0.0000000000
  20      0.0000000000
  21      0.0000000000
  22      0.0000000000
  23      0.0000000000
 Ene=        0.2028
 Spin= Beta
 Occup=        0.0000
   1      0.0000000000
   2      0.0000000000
   3      0.0000000000
   4      0.0000000000
   5      0.0000000000
   6      0.0000000000
   7      0.0000000000
   8      0.0000000000
   9      0.0000000000
  10      0.0000000000
  11      0.0000000000
  12      0.0000000000
  13      0.0000000000
  14      0.0000000000
  15      0.0000000000
  16      0.5761293885
  17      0.0000000000
  18      0.0000000000
  19      0.0000000000
  20      0.0000000000
  21     -1.4716714359
  22      0.0000000000
  23      0.0000000000
 Ene=        0.2028
 Spin= Beta
 Occup=        0.0000
   1      0.0000000000
   2      0.0000000000
   3      0.0000000000
   4      0.0000000000
   5      0.0000000000
   6      0.0000000000
   7      0.0000000000
   8      0.0000000000
   9      0.0000000000
  10      0.0000000000
  11      0.0000000000
  12      0.0000000000
  13      0.0000000000
  14      0.0000000000
  15      0.5761293893
  16      0.0000000000
  17      0.0000000000
  18      0.0000000000
  19      0.0000000000
  20     -1.4716714365
  21      0.0000000000
  22      0.0000000000
  23      0.0000000000
 Ene=        0.2028
 Spin= Beta
 Occup=        0.0000
   1      0.0000000000
   2      0.0000000000
   3     -0.0000000000
   4      0.0000000000
   5      0.0000000000
   6      0.0000000000
   7      0.0000000000
   8      0.0000000000
   9      0.0000000000
  10      0.0000000000
  11      0.0000000000
  12      0.0000000000
  13      0.0000000000
  14      0.5761293888
  15      0.0000000000
  16      0.0000000000
  17      0.0000393558
  18      0.0000000000
  19     -1.4716714337
  20      0.0000000000
  21      0.0000000000
  22     -0.0001005308
  23      0.0000000000
 Ene=        0.2028
 Spin= Beta
 Occup=        0.0000
   1      0.0000000000
   2      0.0000000000
   3     -0.0000000000
   4      0.0000000000
   5      0.0000000000
   6      0.0000000000
   7      0.0000000000
   8      0.0000000000
   9      0.0000000000
  10      0.0000000000
  11      0.0000000000
  12      0.0000000000
  13      0.0000000000
  14      0.0000393558
  15      0.0000000000
  16      0.0000000000
  17     -0.5761293882
  18      0.0000000000
  19     -0.0001005308
  20      0.0000000000
  21      0.0000000000
  22      1.4716714332
  23      0.0000000000
 Ene=        0.2028
 Spin= Beta
 Occup=        0.0000
   1      0.0000000000
   2      0.0000000000
   3      0.0000000000
   4      0.0000000000
   5      0.0000000000
   6      0.0000000000
   7      0.0000000000
   8      0.0000000000
   9      0.0000000000
  10      0.0000000000
  11      0.0000000000
  12      0.0000000000
  13      0.0000000000
  14      0.0000000000
  15      0.0000000000
  16      0.0000000000
  17      0.0000000000
  18      0.5761293895
  19      0.0000000000
  20      0.0000000000
  21      0.0000000000
  22      0.0000000000
  23     -1.4716714366
 Ene=        0.2323
 Spin= Beta
 Occup=        0.0000
   1     -0.7635075602
   2     -4.4436299941
   3      5.1114464290
   4     -0.9521390382
   5      0.0000000000
   6      0.0000000000
   7      0.0000000000
   8      0.0000000000
   9      0.0000000000
  10      0.0000000000
  11      0.0000000000
  12      0.0000000000
  13      0.0000000000
  14     -0.0000000000
  15      0.0000000000
  16      0.0000000000
  17      0.0000000000
  18      0.0000000000
  19     -0.0000000000
  20      0.0000000000
  21      0.0000000000
  22      0.0000000000
  23      0.0000000000
 Ene=        0.5626
 Spin= Beta
 Occup=        0.0000
   1      0.0000000000
   2      0.0000000000
   3      0.0000000000
   4      0.0000000000
   5      0.0000000000
   6      0.0000000000
   7      0.0000000000
   8      0.0000000000
   9      0.0000000000
  10      0.0000000000
  11      0.0000000000
  12      0.0000000000
  13      0.0000000000
  14      0.0000000000
  15      0.0000000000
  16     -2.0532090043
  17      0.0000000000
  18      0.0000000000
  19      0.0000000000
  20      0.0000000000
  21      1.5433001887
  22      0.0000000000
  23      0.0000000000
 Ene=        0.5626
 Spin= Beta
 Occup=        0.0000
   1      0.0000000000
   2      0.0000000000
   3     -0.0000000000
   4      0.0000000000
   5      0.0000000000
   6      0.0000000000
   7      0.0000000000
   8      0.0000000000
   9      0.0000000000
  10      0.0000000000
  11      0.0000000000
  12      0.0000000000
  13      0.0000000000
  14     -2.0532089996
  15      0.0000000000
  16      0.0000000000
  17     -0.0001325924
  18      0.0000000000
  19      1.5433001844
  20      0.0000000000
  21      0.0000000000
  22      0.0000996634
  23      0.0000000000
 Ene=        0.5626
 Spin= Beta
 Occup=        0.0000
   1      0.0000000000
   2      0.0000000000
   3      0.0000000000
   4      0.0000000000
   5      0.0000000000
   6      0.0000000000
   7      0.0000000000
   8      0.0000000000
   9      0.0000000000
  10      0.0000000000
  11      0.0000000000
  12      0.0000000000
  13      0.0000000000
  14      0.0000000000
  15      0.0000000000
  16      0.0000000000
  17      0.0000000000
  18     -2.0532090041
  19      0.0000000000
  20      0.0000000000
  21      0.0000000000
  22      0.0000000000
  23      1.5433001880
 Ene=        0.5626
 Spin= Beta
 Occup=        0.0000
   1      0.0000000000
   2      0.0000000000
   3      0.0000000000
   4      0.0000000000
   5      0.0000000000
   6      0.0000000000
   7      0.0000000000
   8      0.0000000000
   9      0.0000000000
  10      0.0000000000
  11      0.0000000000
  12      0.0000000000
  13      0.0000000000
  14      0.0000000000
  15     -2.0532090041
  16      0.0000000000
  17      0.0000000000
  18      0.0000000000
  19      0.0000000000
  20      1.5433001881
  21      0.0000000000
  22      0.0000000000
  23      0.0000000000
 Ene=        0.5626
 Spin= Beta
 Occup=        0.0000
   1     -0.0000000000
   2     -0.0000000000
   3      0.0000000000
   4     -0.0000000000
   5      0.0000000000
   6      0.0000000000
   7      0.0000000000
   8      0.0000000000
   9      0.0000000000
  10      0.0000000000
  11      0.0000000000
  12      0.0000000000
  13      0.0000000000
  14      0.0001325924
  15      0.0000000000
  16      0.0000000000
  17     -2.0532089998
  18      0.0000000000
  19     -0.0000996634
  20      0.0000000000
  21      0.0000000000
  22      1.5433001848
  23      0.0000000000
