                    1                     2
                     1
 0
  0.00000000000000000000E+00   0   0   0   0
  0.00000000000000000000E+00   0   0   0   0
  0.10557128950502403519E+01   1   1   1   1
  0.00000000000000000000E+00   0   0   0   0
 -0.19317484200294638974E+01   1   1   0   0
  0.00000000000000000000E+00   0   0   0   0
 -0.19317484200294638974E+01   1   1   0   0
  0.00000000000000000000E+00   0   0   0   0
  0.00000000000000000000E+00   0   0   0   0
                     1
                     1
