                     8
                     0                     0                     1
                     1                     0                     0
                     0                     0                     0
                    12                     1                     0  
                     0                     0                     0
                     0                     0                     0
                     0                     0
                     0                     0                     1
                     1                     0                     1
                     0                     1                     1
                    18                     1                     1  
                     0                     0                     0
                     0                     0                     0
                     0                     0
                     4
                     0                     1                     0
                     1                     0                     0
                     0                     0                     0
                     2                    -1                     0  
                     0                     0                     0
                     0                     0                     0
                     0                     0
                     0                     1                     0
                     1                     1                     1
                     0                     0                     1
                    14                    -1                     2  
                     0                     0                     0
                     0                     0                     0
                     0                     0
                     1
                     1                     1                     0
                     0                     0                     0
                     0                     0                     0
                     3                     1                     0  
                     0                     0                     0
                     0                     0                     0
                     0                     0
                     0                     1                     0
                     1                     1                     2
                     0                     1                     1
                    16                     1                     2  
                     0                     0                     0
                     0                     0                     0
                     0                     0
                     2
                     1                     2                     0
                     1                     0                     0
                     0                     0                     0
                     8                    -1                     0  
                     0                     0                     0
                     0                     0                     0
                     0                     0
                     1                     2                     0
                     1                     2                     2
                     0                     0                     1
                    15                     1                     2  
                     0                     0                     0
                     0                     0                     0
                     0                     0
                     1
                     2                     2                     0
                     0                     0                     0
                     0                     0                     0
                    11                     1                    11
                     0                       0                     0
                     0                     0                     0
                     0                     0                     0
                     0                     1                     0
                     1                     2                     2
                     0                     0                     2
                    17                    -1                     2  
                     0                     0                     0
                     0                     0                     0
                     0                     0
                     1
                     2                     2                     0
                     0                     0                     0
                     0                     0                     0
                    11                     1                     0  
                     0                     0                     0
                     0                     0                     0
                     0                     0
                     0                     0                     1
                     1                     1                     0
                     1                     0                     1
                    20                     1                     1  
                     0                     0                     0
                     0                     0                     0
                     0                     0
                     2
                     1                     0                     1
                     0                     0                     0
                     0                     0                     0
                     1                     1                     0  
                     0                     0                     0
                     0                     0                     0
                     0                     0
                     1                     0                     1
                     0                     2                     1
                     1                     0                     1
                    19                     1                     2  
                     0                     0                     0
                     0                     0                     0
                     0                     0
                     1
                     2                     1                     1
                     0                     0                     0
                     0                     0                     0
                     7                     1                     0  
                     0                     0                     0
                     0                     0                     0
                     0                     0
                     0                     0                     1
                     1                     1                     1
                     1                     1                     1
                    21                    -1                     1  
                     0                     0                     0
                     0                     0                     0
                     0                     0
                     1
                     1                     1                     1
                     1                     0                     0
                     0                     0                     0
                     6                     1                     0  
                     0                     0                     0
                     0                     0                     0
                     0                     0
                     0                     0                     1
                     1                     1                     1
                     0                     0                     2
                    23                     1                     1  
                     0                     0                     0
                     0                     0                     0
                     0                     0
                     2
                     1                     1                     0
                     0                     0                     0
                     0                     0                     0
                     3                     1                     0  
                     0                     0                     0
                     0                     0                     0
                     0                     0
                     1                     1                     0
                     0                     2                     2
                     0                     0                     1
                    22                     1                     2  
                     0                     0                     0
                     0                     0                     0
                     0                     0
                     1
                     2                     2                     0
                     0                     0                     0
                     0                     0                     0
                    11                     1                     0  
                     0                     0                     0
                     0                     0                     0
                     0                     0
                     0                     0                     1
                     1                     1                     2
                     0                     1                     2
                    24                     1                     1  
                     0                     0                     0
                     0                     0                     0
                     0                     0
                     2
                     1                     2                     0
                     1                     0                     0
                     0                     0                     0
                     8                    -1                     0  
                     0                     0                     0
                     0                     0                     0
                     0                     0
                     1                     2                     0
                     1                     2                     2
                     0                     0                     1
                    15                     1                     0  
                     0                     0                     0
                     0                     0                     0
                     0                     0
                     0                     0                     1
                     1                     2                     1
                     1                     0                     2
                    25                     1                     1  
                     0                     0                     0
                     0                     0                     0
                     0                     0
                     1
                     2                     1                     1
                     0                     0                     0
                     0                     0                     0
                     7                     1                     0  
                     0                     0                     0
                     0                     0                     0
                     0                     0
                     0                     0                     1
                     1                     2                     2
                     0                     0                     3
                    26                     1                     1  
                     0                     0                     0
                     0                     0                     0
                     0                     0
                     1
                     2                     2                     0
                     0                     0                     0
                     0                     0                     0
                    11                     1                     0  
                     0                     0                     0
                     0                     0                     0
                     0                     0
 
                    11
                     0                     0                     2
                     2                     0                     0
                     0                     0                     0
                    13                     1                     0  
                     0                     0                     0
                     0                     0                     0
                     0                     0
                     0                     0                     2
                     2                     0                     1
                     1                     2                     1
                    36                     1                     1  
                     0                     0                     0
                     0                     0                     0
                     0                     0
                     7
                     0                     1                     1
                     2                     0                     0
                     0                     0                     0
                    10                    -1                     0  
                     0                     0                     0
                     0                     0                     0
                     0                     0
                     0                     1                     1
                     2                     0                     2
                     0                     2                     1
                    29                     1                     1  
                     0                     0                     0
                     0                     0                     0
                     0                     0
                     3
                     0                     2                     0
                     2                     0                     0
                     0                     0                     0
                     5                     2                     0  
                     0                     0                     0
                     0                     0                     0
                     0                     0
                     0                     2                     0
                     2                     1                     2
                     0                     1                     1
                    27                     1                     2  
                     0                     0                     0
                     0                     0                     0
                     0                     0
                     2
                     1                     2                     0
                     1                     0                     0
                     0                     0                     0
                     8                    -2                     8
                     0                       0                     0
                     0                     0                     0
                     0                     0                     0
                     1                     2                     0
                     1                     2                     2
                     0                     0                     1
                    15                     4                    11
                     0                       0                     0
                     0                     0                     0
                     0                     0                     0
                     0                     2                     0
                     2                     2                     2
                     0                     0                     2
                    28                     2                     2  
                     0                     0                     0
                     0                     0                     0
                     0                     0
                     1
                     2                     2                     0
                     0                     0                     0
                     0                     0                     0
                    11                     1                    11
                     0                       0                     0
                     0                     0                     0
                     0                     0                     0
                     0                     1                     1
                     2                     1                     1
                     1                     1                     1
                    31                     1                     2  
                     0                     0                     0
                     0                     0                     0
                     0                     0
                     2
                     1                     1                     1
                     1                     0                     0
                     0                     0                     0
                     6                     1                     0  
                     0                     0                     0
                     0                     0                     0
                     0                     0
                     1                     1                     1
                     1                     2                     1
                     1                     0                     1
                    30                     2                     2  
                     0                     0                     0
                     0                     0                     0
                     0                     0
                     1
                     2                     1                     1
                     0                     0                     0
                     0                     0                     0
                     7                     1                     7
                     0                       0                     0
                     0                     0                     0
                     0                     0                     0
                     0                     1                     1
                     2                     1                     1
                     0                     0                     2
                    32                     1                     2  
                     0                     0                     0
                     0                     0                     0
                     0                     0
                     2
                     1                     1                     0
                     0                     0                     0
                     0                     0                     0
                     3                     1                     0  
                     0                     0                     0
                     0                     0                     0
                     0                     0
                     1                     1                     0
                     0                     2                     2
                     0                     0                     1
                    22                     1                     0  
                     0                     0                     0
                     0                     0                     0
                     0                     0
                     0                     1                     1
                     2                     1                     2
                     0                     1                     2
                    33                     1                     2  
                     0                     0                     0
                     0                     0                     0
                     0                     0
                     2
                     1                     2                     0
                     1                     0                     0
                     0                     0                     0
                     8                     1                     0  
                     0                     0                     0
                     0                     0                     0
                     0                     0
                     1                     2                     0
                     1                     2                     2
                     0                     0                     1
                    15                    -1                     0  
                     0                     0                     0
                     0                     0                     0
                     0                     0
                     0                     1                     1
                     2                     2                     1
                     1                     0                     2
                    34                     1                     2  
                     0                     0                     0
                     0                     0                     0
                     0                     0
                     1
                     2                     1                     1
                     0                     0                     0
                     0                     0                     0
                     7                     1                     0  
                     0                     0                     0
                     0                     0                     0
                     0                     0
                     0                     1                     1
                     2                     2                     2
                     0                     0                     3
                    35                     1                     2  
                     0                     0                     0
                     0                     0                     0
                     0                     0
                     1
                     2                     2                     0
                     0                     0                     0
                     0                     0                     0
                    11                     1                     0  
                     0                     0                     0
                     0                     0                     0
                     0                     0
                     0                     0                     2
                     2                     1                     0
                     2                     1                     1
                    38                     1                     1  
                     0                     0                     0
                     0                     0                     0
                     0                     0
                     2
                     1                     0                     2
                     1                     0                     0
                     0                     0                     0
                     9                     1                     0  
                     0                     0                     0
                     0                     0                     0
                     0                     0
                     1                     0                     2
                     1                     2                     0
                     2                     0                     1
                    37                     2                     2  
                     0                     0                     0
                     0                     0                     0
                     0                     0
                     1
                     2                     0                     2
                     0                     0                     0
                     0                     0                     0
                     4                     1                     0  
                     0                     0                     0
                     0                     0                     0
                     0                     0
                     0                     0                     2
                     2                     0                     1
                     0                     1                     2
                    39                     1                     1  
                     0                     0                     0
                     0                     0                     0
                     0                     0
                     4
                     0                     1                     0
                     1                     0                     0
                     0                     0                     0
                     2                    -1                     0  
                     0                     0                     0
                     0                     0                     0
                     0                     0
                     0                     1                     0
                     1                     1                     1
                     0                     0                     1
                    14                    -1                     0  
                     0                     0                     0
                     0                     0                     0
                     0                     0
                     0                     1                     0
                     1                     1                     2
                     0                     1                     1
                    16                     1                     0  
                     0                     0                     0
                     0                     0                     0
                     0                     0
                     0                     1                     0
                     1                     2                     2
                     0                     0                     2
                    17                    -1                     0  
                     0                     0                     0
                     0                     0                     0
                     0                     0
                     0                     0                     2
                     2                     1                     0
                     1                     0                     2
                    41                     1                     1  
                     0                     0                     0
                     0                     0                     0
                     0                     0
                     3
                     1                     0                     1
                     0                     0                     0
                     0                     0                     0
                     1                     1                     0  
                     0                     0                     0
                     0                     0                     0
                     0                     0
                     1                     0                     1
                     0                     2                     1
                     1                     0                     1
                    19                     1                     0  
                     0                     0                     0
                     0                     0                     0
                     0                     0
                     1                     0                     1
                     0                     2                     2
                     0                     0                     2
                    40                    -1                     2  
                     0                     0                     0
                     0                     0                     0
                     0                     0
                     1
                     2                     2                     0
                     0                     0                     0
                     0                     0                     0
                    11                     1                     0  
                     0                     0                     0
                     0                     0                     0
                     0                     0
                     0                     0                     2
                     2                     0                     2
                     0                     2                     2
                    42                     1                     1  
                     0                     0                     0
                     0                     0                     0
                     0                     0
                     3
                     0                     2                     0
                     2                     0                     0
                     0                     0                     0
                     5                     1                     0  
                     0                     0                     0
                     0                     0                     0
                     0                     0
                     0                     2                     0
                     2                     1                     2
                     0                     1                     1
                    27                     5                     0  
                     0                     0                     0
                     0                     0                     0
                     0                     0
                     0                     2                     0
                     2                     2                     2
                     0                     0                     2
                    28                     1                     0  
                     0                     0                     0
                     0                     0                     0
                     0                     0
                     0                     0                     2
                     2                     1                     1
                     1                     1                     2
                    44                     1                     1  
                     0                     0                     0
                     0                     0                     0
                     0                     0
                     3
                     1                     1                     1
                     1                     0                     0
                     0                     0                     0
                     6                    -1                     0  
                     0                     0                     0
                     0                     0                     0
                     0                     0
                     1                     1                     1
                     1                     2                     1
                     1                     0                     1
                    30                    -1                     0  
                     0                     0                     0
                     0                     0                     0
                     0                     0
                     1                     1                     1
                     1                     2                     2
                     0                     0                     2
                    43                     2                     2  
                     0                     0                     0
                     0                     0                     0
                     0                     0
                     1
                     2                     2                     0
                     0                     0                     0
                     0                     0                     0
                    11                     1                     0  
                     0                     0                     0
                     0                     0                     0
                     0                     0
                     0                     0                     2
                     2                     2                     0
                     2                     0                     2
                    45                     1                     1  
                     0                     0                     0
                     0                     0                     0
                     0                     0
                     1
                     2                     0                     2
                     0                     0                     0
                     0                     0                     0
                     4                     1                     0  
                     0                     0                     0
                     0                     0                     0
                     0                     0
                     0                     0                     2
                     2                     1                     1
                     0                     0                     3
                    46                     1                     1  
                     0                     0                     0
                     0                     0                     0
                     0                     0
                     2
                     1                     1                     0
                     0                     0                     0
                     0                     0                     0
                     3                     1                     0  
                     0                     0                     0
                     0                     0                     0
                     0                     0
                     1                     1                     0
                     0                     2                     2
                     0                     0                     1
                    22                     1                     0  
                     0                     0                     0
                     0                     0                     0
                     0                     0
                     0                     0                     2
                     2                     1                     2
                     0                     1                     3
                    47                     1                     1  
                     0                     0                     0
                     0                     0                     0
                     0                     0
                     2
                     1                     2                     0
                     1                     0                     0
                     0                     0                     0
                     8                    -1                     0  
                     0                     0                     0
                     0                     0                     0
                     0                     0
                     1                     2                     0
                     1                     2                     2
                     0                     0                     1
                    15                     1                     0  
                     0                     0                     0
                     0                     0                     0
                     0                     0
                     0                     0                     2
                     2                     2                     1
                     1                     0                     3
                    48                     1                     1  
                     0                     0                     0
                     0                     0                     0
                     0                     0
                     1
                     2                     1                     1
                     0                     0                     0
                     0                     0                     0
                     7                     1                     0  
                     0                     0                     0
                     0                     0                     0
                     0                     0
 
                     9
                     0                     0                     3
                     3                     0                     1
                     2                     3                     1
                    57                     1                     1  
                     0                     0                     0
                     0                     0                     0
                     0                     0
                     6
                     0                     1                     2
                     3                     0                     2
                     1                     3                     1
                    51                     1                     1  
                     0                     0                     0
                     0                     0                     0
                     0                     0
                     2
                     0                     2                     1
                     3                     1                     2
                     0                     1                     2
                    49                     1                     2  
                     0                     0                     0
                     0                     0                     0
                     0                     0
                     2
                     1                     2                     0
                     1                     0                     0
                     0                     0                     0
                     8                    -2                     8
                     0                       0                     0
                     0                     0                     0
                     0                     0                     0
                     1                     2                     0
                     1                     2                     2
                     0                     0                     1
                    15                     2                    11
                     0                       0                     0
                     0                     0                     0
                     0                     0                     0
                     0                     2                     1
                     3                     2                     2
                     0                     0                     3
                    50                     2                     2  
                     0                     0                     0
                     0                     0                     0
                     0                     0
                     1
                     2                     2                     0
                     0                     0                     0
                     0                     0                     0
                    11                     1                    11
                     0                       0                     0
                     0                     0                     0
                     0                     0                     0
                     0                     1                     2
                     3                     0                     2
                     0                     2                     2
                    52                     1                     1  
                     0                     0                     0
                     0                     0                     0
                     0                     0
                     3
                     0                     2                     0
                     2                     0                     0
                     0                     0                     0
                     5                    -1                     0  
                     0                     0                     0
                     0                     0                     0
                     0                     0
                     0                     2                     0
                     2                     1                     2
                     0                     1                     1
                    27                    -5                     0  
                     0                     0                     0
                     0                     0                     0
                     0                     0
                     0                     2                     0
                     2                     2                     2
                     0                     0                     2
                    28                    -1                     0  
                     0                     0                     0
                     0                     0                     0
                     0                     0
                     0                     1                     2
                     3                     1                     1
                     1                     1                     2
                    53                     1                     1  
                     0                     0                     0
                     0                     0                     0
                     0                     0
                     3
                     1                     1                     1
                     1                     0                     0
                     0                     0                     0
                     6                    -1                     0  
                     0                     0                     0
                     0                     0                     0
                     0                     0
                     1                     1                     1
                     1                     2                     1
                     1                     0                     1
                    30                    -1                     0  
                     0                     0                     0
                     0                     0                     0
                     0                     0
                     1                     1                     1
                     1                     2                     2
                     0                     0                     2
                    43                     1                     0  
                     0                     0                     0
                     0                     0                     0
                     0                     0
                     0                     1                     2
                     3                     1                     1
                     0                     0                     3
                    54                     1                     1  
                     0                     0                     0
                     0                     0                     0
                     0                     0
                     2
                     1                     1                     0
                     0                     0                     0
                     0                     0                     0
                     3                    -1                     0  
                     0                     0                     0
                     0                     0                     0
                     0                     0
                     1                     1                     0
                     0                     2                     2
                     0                     0                     1
                    22                    -1                     0  
                     0                     0                     0
                     0                     0                     0
                     0                     0
                     0                     1                     2
                     3                     1                     2
                     0                     1                     3
                    55                     1                     1  
                     0                     0                     0
                     0                     0                     0
                     0                     0
                     2
                     1                     2                     0
                     1                     0                     0
                     0                     0                     0
                     8                    -1                     0  
                     0                     0                     0
                     0                     0                     0
                     0                     0
                     1                     2                     0
                     1                     2                     2
                     0                     0                     1
                    15                     1                     0  
                     0                     0                     0
                     0                     0                     0
                     0                     0
                     0                     1                     2
                     3                     2                     1
                     1                     0                     3
                    56                    -1                     1  
                     0                     0                     0
                     0                     0                     0
                     0                     0
                     1
                     2                     1                     1
                     0                     0                     0
                     0                     0                     0
                     7                     1                     0  
                     0                     0                     0
                     0                     0                     0
                     0                     0
                     0                     0                     3
                     3                     0                     1
                     1                     2                     2
                    58                     1                     1  
                     0                     0                     0
                     0                     0                     0
                     0                     0
                     6
                     0                     1                     1
                     2                     0                     0
                     0                     0                     0
                    10                    -1                     0  
                     0                     0                     0
                     0                     0                     0
                     0                     0
                     0                     1                     1
                     2                     1                     1
                     1                     1                     1
                    31                     1                     0  
                     0                     0                     0
                     0                     0                     0
                     0                     0
                     0                     1                     1
                     2                     1                     1
                     0                     0                     2
                    32                     1                     0  
                     0                     0                     0
                     0                     0                     0
                     0                     0
                     0                     1                     1
                     2                     1                     2
                     0                     1                     2
                    33                     1                     0  
                     0                     0                     0
                     0                     0                     0
                     0                     0
                     0                     1                     1
                     2                     2                     1
                     1                     0                     2
                    34                     1                     0  
                     0                     0                     0
                     0                     0                     0
                     0                     0
                     0                     1                     1
                     2                     2                     2
                     0                     0                     3
                    35                     1                     0  
                     0                     0                     0
                     0                     0                     0
                     0                     0
                     0                     0                     3
                     3                     1                     0
                     2                     1                     2
                    61                     1                     1  
                     0                     0                     0
                     0                     0                     0
                     0                     0
                     4
                     1                     0                     2
                     1                     0                     0
                     0                     0                     0
                     9                     1                     0  
                     0                     0                     0
                     0                     0                     0
                     0                     0
                     1                     0                     2
                     1                     2                     0
                     2                     0                     1
                    37                     1                     0  
                     0                     0                     0
                     0                     0                     0
                     0                     0
                     1                     0                     2
                     1                     2                     1
                     1                     0                     2
                    59                    -1                     1  
                     0                     0                     0
                     0                     0                     0
                     0                     0
                     1
                     2                     1                     1
                     0                     0                     0
                     0                     0                     0
                     7                     1                     0  
                     0                     0                     0
                     0                     0                     0
                     0                     0
                     1                     0                     2
                     1                     2                     2
                     0                     0                     3
                    60                     1                     1  
                     0                     0                     0
                     0                     0                     0
                     0                     0
                     1
                     2                     2                     0
                     0                     0                     0
                     0                     0                     0
                    11                     1                     0  
                     0                     0                     0
                     0                     0                     0
                     0                     0
                     0                     0                     3
                     3                     0                     2
                     1                     3                     2
                    62                     1                     1  
                     0                     0                     0
                     0                     0                     0
                     0                     0
                     2
                     0                     2                     1
                     3                     1                     2
                     0                     1                     2
                    49                     5                     0  
                     0                     0                     0
                     0                     0                     0
                     0                     0
                     0                     2                     1
                     3                     2                     2
                     0                     0                     3
                    50                     1                     0  
                     0                     0                     0
                     0                     0                     0
                     0                     0
                     0                     0                     3
                     3                     0                     1
                     0                     1                     3
                    63                     1                     1  
                     0                     0                     0
                     0                     0                     0
                     0                     0
                     4
                     0                     1                     0
                     1                     0                     0
                     0                     0                     0
                     2                    -1                     0  
                     0                     0                     0
                     0                     0                     0
                     0                     0
                     0                     1                     0
                     1                     1                     1
                     0                     0                     1
                    14                    -1                     0  
                     0                     0                     0
                     0                     0                     0
                     0                     0
                     0                     1                     0
                     1                     1                     2
                     0                     1                     1
                    16                     1                     0  
                     0                     0                     0
                     0                     0                     0
                     0                     0
                     0                     1                     0
                     1                     2                     2
                     0                     0                     2
                    17                    -1                     0  
                     0                     0                     0
                     0                     0                     0
                     0                     0
                     0                     0                     3
                     3                     1                     0
                     1                     0                     3
                    64                     1                     1  
                     0                     0                     0
                     0                     0                     0
                     0                     0
                     3
                     1                     0                     1
                     0                     0                     0
                     0                     0                     0
                     1                     1                     0  
                     0                     0                     0
                     0                     0                     0
                     0                     0
                     1                     0                     1
                     0                     2                     1
                     1                     0                     1
                    19                     1                     0  
                     0                     0                     0
                     0                     0                     0
                     0                     0
                     1                     0                     1
                     0                     2                     2
                     0                     0                     2
                    40                    -1                     0  
                     0                     0                     0
                     0                     0                     0
                     0                     0
                     0                     0                     3
                     3                     0                     2
                     0                     2                     3
                    65                     1                     1  
                     0                     0                     0
                     0                     0                     0
                     0                     0
                     3
                     0                     2                     0
                     2                     0                     0
                     0                     0                     0
                     5                     1                     0  
                     0                     0                     0
                     0                     0                     0
                     0                     0
                     0                     2                     0
                     2                     1                     2
                     0                     1                     1
                    27                     5                     0  
                     0                     0                     0
                     0                     0                     0
                     0                     0
                     0                     2                     0
                     2                     2                     2
                     0                     0                     2
                    28                     1                     0  
                     0                     0                     0
                     0                     0                     0
                     0                     0
                     0                     0                     3
                     3                     1                     1
                     1                     1                     3
                    66                     1                     1  
                     0                     0                     0
                     0                     0                     0
                     0                     0
                     3
                     1                     1                     1
                     1                     0                     0
                     0                     0                     0
                     6                    -1                     0  
                     0                     0                     0
                     0                     0                     0
                     0                     0
                     1                     1                     1
                     1                     2                     1
                     1                     0                     1
                    30                    -1                     0  
                     0                     0                     0
                     0                     0                     0
                     0                     0
                     1                     1                     1
                     1                     2                     2
                     0                     0                     2
                    43                     1                     0  
                     0                     0                     0
                     0                     0                     0
                     0                     0
                     0                     0                     3
                     3                     2                     0
                     2                     0                     3
                    67                     1                     1  
                     0                     0                     0
                     0                     0                     0
                     0                     0
                     1
                     2                     0                     2
                     0                     0                     0
                     0                     0                     0
                     4                     1                     0  
                     0                     0                     0
                     0                     0                     0
                     0                     0
 
